353552
353554
353556
353561
353562
353564
353569
353572
353573
353574
353575
353577
353578
353598
353616
353653
353681
353715
353752
353768
353770
353788
353789
353794
353806
353811
353865
353899
353933
354092
354128
354138
354193
354258
354259
354260
354261
354264
354268
354269
354270
354288
354289
354311
354316
354325
354372
354373
354375
354376
354379
354380
354382
354383
354384
354386
354395
354396
354399
354404
354405
354407
354410
354411
354414
354419
354421
354422
354423
354424
354431
354432
354433
354434
354435
354436
354438
354439
354441
354442
354443
354445
354537
354538
354539
354546
354557
354722
354734
354742
354743
354744
354745
354747
354750
354751
354754
354755
354759
354760
354763
354765
354768
354773
354780
354819
354821
354822
354824
354825
354827
354828
354829
354830
354843
354931
354932
354933
354934
354935
354936
354940
354941
354942
354943
354944
354946
355136
355138
355170
355172
355175
355178
355195
355214
355233
355300
355301
355303
355306
355312
355313
355314
355315
355316
355320
355324
355331
355336
355337
355338
355345
355348
355349
355351
355352
355353
355354
355355
355356
355357
355359
355360
355361
355362
355363
355364
355365
355366
355367
355369
355371
355372
355373
355374
355375
355377
355390
355391
355392
355394
355395
355396
355400
355401
355406
355407
355503
355584
355585
355586
355587
355590
355594
355614
355669
355723
355724
355725
355726
355730
355731
355732
355734
355736
355746
355747
355748
355749
355750
355753
355755
355756
355823
355833
355834
355895
356007
356009
356010
356012
356013
356014
356016
356017
356018
356020
356021
356022
356024
356025
356026
356027
356077
356081
356083
356084
356085
356095
356096
356099
356102
356104
356105
356106
356122
356123
356124
356127
356128
356129
356130
356131
356147
356158
356159
356160
356161
356162
356165
356168
356169
356170
356195
356273
356305
356430
356467
356472
356473
356475
356532
356586
356587
356588
356731
356733
356734
356771
357145
357181
357220
357224
357243
357372
357542
357548
357549
357564
357577
357581
357776
357778
357867
357872
357873
357874
357910
358067
358341
358693
358718
358719
358722
358724
358725
358726
358727
358729
358730
358732
358733
358736
358738
358739
358740
358741
358743
358744
358745
358747
358844
359043
359082
359083
359084
359085
359086
359089
359090
359091
359092
359093
359096
359097
359099
359100
359101
359103
359104
359105
359106
359107
359108
359113
359114
359115
359118
359119
359120
359121
359122
359123
359124
359128
359129
359130
359131
359132
359133
359135
359137
359138
359139
359140
359141
359142
359143
359145
359146
359147
359148
359149
359150
359151
359152
359276
359278
359280
359472
359473
359474
359516
359804
359957
360016
360017
360018
360019
360020
360021
360022
360023
360024
360025
360026
360027
360028
360029
360030
360031
360032
360033
360034
360035
360036
360038
360039
360040
360042
360128
360130
360235
360236
360237
360238
360239
360240
360241
360242
360243
360244
360245
360246
360247
360248
360249
360251
360252
360253
360255
360257
360259
360260
360263
360264
360267
360268
360269
360271
360273
360275
360276
360277
360278
360281
360282
360283
360284
360285
360287
360288
360289
360293
360294
360295
360296
360297
360300
360304
360307
360312
360313
360314
360319
360321
360331
360347
360348
360349
360350
360351
360352
360353
360354
360355
360356
360358
360359
360360
360361
360362
360364
360365
360366
360367
360368
360369
360370
360371
360373
360374
360375
360376
360377
360378
360380
360381
360382
360383
360384
360431
360454
360455
360456
360457
360458
360459
360460
360461
360462
360464
360634
360635
360636
360637
360638
360639
360640
360641
360642
360643
360644
360645
360646
360647
360649
360650
360651
360670
360682
360684
360819
360820
360821
360822
360823
360856
360857
360858
361110
361111
361112
361113
361114
361115
361116
361117
361118
361119
361120
361121
361122
361123
361124
361125
361126
361127
361128
361129
361130
361131
361132
361133
361134
361135
361136
361137
361138
361139
361140
361141
361142
361143
361144
361145
361146
361147
361148
361149
361150
361151
361152
361153
361154









